,H2O-041-513-718-1F_filt.fastq.gz,H2O-042-515-718-1F_filt.fastq.gz,H2O-043-516-718-1F_filt.fastq.gz,H2O-044-517-718-1F_filt.fastq.gz,H2O-045-518-719-1F_filt.fastq.gz,H2O-046-520-719-1F_filt.fastq.gz,H2O-047-521-719-1F_filt.fastq.gz,H2O-048-522-719-1F_filt.fastq.gz,H2O-049-502-719-1F_filt.fastq.gz,H2O-050-503-719-1F_filt.fastq.gz,H2O-051-505-719-1F_filt.fastq.gz,H2O-052-506-719-1F_filt.fastq.gz,H2O-053-507-719-1F_filt.fastq.gz,H2O-054-508-719-1F_filt.fastq.gz,H2O-055-510-719-1F_filt.fastq.gz,H2O-056-511-720-1F_filt.fastq.gz,H2O-057-513-720-1F_filt.fastq.gz,H2O-058-515-720-1F_filt.fastq.gz,H2O-059-516-720-1F_filt.fastq.gz,H2O-060-517-720-1F_filt.fastq.gz,H2O-061-521-720-1F_filt.fastq.gz,H2O-062-520-720-1F_filt.fastq.gz,NP-001-502-714-1F_filt.fastq.gz,NP-002-503-714-1F_filt.fastq.gz,NP-003-505-714-1F_filt.fastq.gz,NP-004-506-714-1F_filt.fastq.gz,NP-007-510-714-1F_filt.fastq.gz,NP-008-511-714-1F_filt.fastq.gz,NP-009-513-714-1F_filt.fastq.gz,NP-010-515-714-1F_filt.fastq.gz,NP-011-516-715-1F_filt.fastq.gz,NP-014-520-715-1F_filt.fastq.gz,NP-015-521-715-1F_filt.fastq.gz,NP-017-502-715-1F_filt.fastq.gz,NP-018-503-715-1F_filt.fastq.gz,NP-019-505-715-1F_filt.fastq.gz,NP-022-508-715-1F_filt.fastq.gz,NP-025-513-716-1F_filt.fastq.gz,NP-026-515-716-1F_filt.fastq.gz,NP-027-516-716-1F_filt.fastq.gz,NP-028-517-716-1F_filt.fastq.gz,NP-029-518-716-1F_filt.fastq.gz,NP-034-503-718-1F_filt.fastq.gz,NP-035-505-718-1F_filt.fastq.gz,NP-036-506-718-1F_filt.fastq.gz,NP-037-507-718-1F_filt.fastq.gzH2O-041-513-718-1F_filt.fastq.gz,0,0.310833451,0.248629812,0.285160402,0.312245289,0.116590508,0.110091761,0.174611389,0.155886828,0.201313268,0.297849722,0.185547859,0.199832028,0.234888008,0.23313832,0.145750144,0.163836514,0.160357901,0.175786126,0.178337391,0.161274314,0.165502846,0.780698957,0.806438412,0.644570685,0.677522701,0.843525985,0.641809106,0.808744932,0.684287622,0.697818622,0.774078936,0.775696675,0.763075141,0.800037258,0.918091299,0.726510667,0.716541752,0.790693427,0.805520845,0.807207363,0.684135078,0.782483232,0.6747128,0.779913065,0.795201234H2O-042-515-718-1F_filt.fastq.gz,0.310833451,0,0.173564993,0.2182856,0.251012636,0.269560323,0.294822171,0.161370436,0.2183171,0.176062473,0.306972792,0.230715956,0.226811863,0.328045022,0.263393127,0.233154483,0.216844146,0.208781137,0.189038932,0.195272398,0.230371997,0.247542538,0.795854888,0.813033106,0.602473683,0.642890293,0.8344509,0.641116965,0.758753118,0.669400907,0.650403079,0.735313258,0.724773658,0.72640759,0.755793724,0.901991873,0.7527845,0.685040513,0.748177188,0.744032274,0.737302727,0.703118555,0.724369959,0.635178809,0.71640094,0.830268458H2O-043-516-718-1F_filt.fastq.gz,0.248629812,0.173564993,0,0.168841919,0.203392781,0.238385189,0.249476182,0.167100971,0.17623377,0.195187122,0.21090501,0.226718519,0.235441008,0.294641319,0.223916643,0.216103599,0.196563242,0.178324375,0.128543484,0.206886017,0.212999318,0.224087225,0.80957915,0.824172813,0.622044096,0.65334843,0.852538908,0.648993242,0.764837593,0.666505861,0.66261933,0.766602969,0.749841594,0.727326333,0.740912335,0.907709374,0.757489943,0.677025354,0.748727325,0.781211207,0.765583879,0.733467359,0.741221355,0.6403074,0.769876051,0.825774274H2O-044-517-718-1F_filt.fastq.gz,0.285160402,0.2182856,0.168841919,0,0.082277545,0.335620718,0.353186929,0.260777589,0.288726256,0.198202184,0.224397318,0.275537582,0.275160396,0.341120944,0.297175484,0.278840415,0.244966425,0.222695344,0.170202346,0.241902253,0.256690218,0.253694149,0.846271178,0.793651989,0.655101564,0.649888801,0.821449398,0.688546737,0.749499299,0.697425221,0.698773236,0.786252751,0.738742194,0.707592707,0.738780254,0.903259058,0.801895198,0.702103437,0.736195557,0.769313336,0.749069764,0.779413822,0.726066406,0.668978026,0.762655543,0.866862256H2O-045-518-719-1F_filt.fastq.gz,0.312245289,0.251012636,0.203392781,0.082277545,0,0.371513579,0.392319148,0.312463973,0.31574748,0.226984887,0.215730173,0.287090311,0.289181699,0.37178484,0.328543217,0.308768736,0.279568209,0.273598247,0.202768802,0.271293839,0.299913504,0.30653643,0.858143833,0.788956784,0.665422234,0.667669308,0.814229837,0.695655968,0.768577602,0.721916209,0.72431699,0.799723782,0.757198521,0.720713716,0.750681444,0.903324859,0.812032627,0.726727444,0.755910157,0.778119292,0.756840295,0.792768321,0.745168162,0.686451196,0.756848097,0.876190143H2O-046-520-719-1F_filt.fastq.gz,0.116590508,0.269560323,0.238385189,0.335620718,0.371513579,0,0.050340088,0.146849077,0.1394691,0.203455416,0.312006406,0.211628141,0.212862954,0.197531005,0.171378603,0.128857614,0.163962511,0.166130198,0.217156492,0.165600714,0.152239913,0.165900902,0.758185342,0.834553027,0.662028303,0.690138976,0.868449036,0.63005313,0.8198245,0.698433571,0.709360314,0.782137799,0.78549518,0.775483744,0.813293771,0.923235799,0.70253029,0.728601142,0.800590867,0.816484152,0.81596202,0.66399946,0.791891944,0.689477898,0.790286271,0.771731965H2O-047-521-719-1F_filt.fastq.gz,0.110091761,0.294822171,0.249476182,0.353186929,0.392319148,0.050340088,0,0.160942316,0.132133106,0.23186713,0.332844943,0.2372034,0.239333346,0.212652684,0.18714313,0.149470464,0.181633778,0.191528638,0.238316373,0.196534086,0.178237764,0.188086696,0.752858774,0.833412536,0.66090464,0.687138119,0.866401764,0.627707348,0.819474736,0.696286641,0.706043924,0.779494477,0.78274226,0.774646081,0.811277365,0.920126626,0.693148572,0.727878118,0.799970725,0.812259338,0.81532564,0.655760971,0.789238023,0.687054235,0.787673152,0.769060437H2O-048-522-719-1F_filt.fastq.gz,0.174611389,0.161370436,0.167100971,0.260777589,0.312463973,0.146849077,0.160942316,0,0.103145374,0.138232941,0.287653461,0.15104527,0.167836938,0.24343959,0.20255108,0.115695062,0.1183751,0.139187363,0.160209556,0.138770751,0.149706601,0.174877439,0.77758162,0.824703476,0.625828827,0.652313231,0.860787726,0.629455053,0.784452232,0.661582587,0.670276245,0.758476107,0.745840513,0.744140974,0.772981131,0.905093762,0.720854544,0.698509232,0.765376575,0.781245151,0.777432682,0.680074801,0.752776177,0.654156088,0.757652766,0.801343615H2O-049-502-719-1F_filt.fastq.gz,0.155886828,0.2183171,0.17623377,0.288726256,0.31574748,0.1394691,0.132133106,0.103145374,0,0.17401538,0.260750358,0.188768578,0.211982906,0.244354414,0.184479782,0.148078991,0.155458586,0.183686902,0.17988962,0.186090389,0.192475693,0.216436858,0.77823547,0.83751109,0.645273578,0.663986533,0.871531203,0.633919495,0.802085353,0.681404707,0.69026465,0.773299115,0.765137728,0.759981373,0.784895871,0.910029036,0.716292665,0.712688297,0.782527923,0.801778976,0.794554593,0.68473823,0.771556202,0.671805823,0.777149403,0.795272381H2O-050-503-719-1F_filt.fastq.gz,0.201313268,0.176062473,0.195187122,0.198202184,0.226984887,0.203455416,0.23186713,0.138232941,0.17401538,0,0.246530477,0.127385702,0.146249274,0.245119398,0.204107082,0.149279965,0.14034044,0.149591248,0.134218328,0.134104313,0.173740604,0.189605741,0.794352939,0.809573247,0.622887354,0.659857463,0.836876815,0.643280171,0.788699987,0.685354711,0.682928539,0.759179231,0.757212546,0.745408218,0.784024694,0.911796926,0.750484526,0.703120599,0.77205163,0.783914188,0.774675313,0.708708347,0.762797422,0.663164352,0.758349753,0.821421438H2O-051-505-719-1F_filt.fastq.gz,0.297849722,0.306972792,0.21090501,0.224397318,0.215730173,0.312006406,0.332844943,0.287653461,0.260750358,0.246530477,0,0.276530101,0.310266079,0.347115497,0.279416929,0.299886047,0.28563564,0.309567174,0.196971827,0.312593133,0.32839518,0.344023199,0.842596322,0.827942228,0.644411917,0.656228962,0.861862825,0.689223766,0.784342498,0.711358865,0.7199748,0.779804514,0.78229845,0.738784682,0.763340163,0.907497478,0.795520432,0.711454771,0.768215573,0.818194367,0.764274287,0.76942869,0.758533311,0.684736382,0.787283505,0.856044737H2O-052-506-719-1F_filt.fastq.gz,0.185547859,0.230715956,0.226718519,0.275537582,0.287090311,0.211628141,0.2372034,0.15104527,0.188768578,0.127385702,0.276530101,0,0.069189522,0.214223958,0.181437037,0.160110528,0.158704536,0.177528727,0.16002129,0.146402821,0.189407485,0.206292221,0.780528016,0.814119889,0.626577825,0.668914843,0.848391257,0.633211389,0.805194966,0.682408937,0.695031158,0.764632676,0.773137363,0.762074387,0.792282459,0.916870754,0.73424233,0.717541097,0.78755875,0.797610808,0.788500833,0.692719711,0.77846229,0.671249222,0.7632941,0.800714572H2O-053-507-719-1F_filt.fastq.gz,0.199832028,0.226811863,0.235441008,0.275160396,0.289181699,0.212862954,0.239333346,0.167836938,0.211982906,0.146249274,0.310266079,0.069189522,0,0.208425789,0.201504322,0.149856521,0.149793806,0.163349814,0.189099715,0.144039662,0.178865132,0.195164726,0.774359948,0.809583278,0.618876836,0.66258072,0.843132388,0.631281685,0.797620559,0.674916887,0.684723787,0.755876794,0.761904472,0.75760592,0.792410761,0.913297536,0.728618031,0.711689999,0.779118094,0.784694353,0.779203621,0.681078991,0.76843915,0.6625933,0.753714798,0.800498893H2O-054-508-719-1F_filt.fastq.gz,0.234888008,0.328045022,0.294641319,0.341120944,0.37178484,0.197531005,0.212652684,0.24343959,0.244354414,0.245119398,0.347115497,0.214223958,0.208425789,0,0.088661939,0.190527499,0.213106361,0.206472904,0.257334318,0.190472048,0.180347307,0.206399923,0.750925386,0.851730112,0.701791703,0.733467602,0.882025448,0.660730598,0.862891092,0.739300449,0.756258551,0.803239632,0.834238095,0.822710141,0.844800434,0.943395457,0.711506563,0.769047425,0.846922004,0.864021739,0.853643173,0.682944289,0.835905441,0.735094786,0.835423072,0.759962473H2O-055-510-719-1F_filt.fastq.gz,0.23313832,0.263393127,0.223916643,0.297175484,0.328543217,0.171378603,0.18714313,0.20255108,0.184479782,0.204107082,0.279416929,0.181437037,0.201504322,0.088661939,0,0.180530819,0.20174781,0.206349581,0.203144901,0.191269417,0.187921712,0.216425175,0.762625657,0.849288613,0.681014123,0.712351775,0.880731833,0.651884621,0.846715444,0.725170477,0.741073802,0.794876606,0.817301386,0.807588552,0.831646424,0.934240731,0.718339371,0.75512848,0.830051881,0.847501544,0.832396587,0.688397122,0.820263145,0.720251768,0.81580116,0.774650048H2O-056-511-720-1F_filt.fastq.gz,0.145750144,0.233154483,0.216103599,0.278840415,0.308768736,0.128857614,0.149470464,0.115695062,0.148078991,0.149279965,0.299886047,0.160110528,0.149856521,0.190527499,0.180530819,0,0.059825889,0.077172218,0.158269846,0.099370245,0.09643107,0.116536352,0.781176844,0.81530137,0.644074461,0.669940621,0.857247421,0.635778932,0.810080522,0.68514596,0.695892881,0.771321516,0.772977228,0.76793908,0.793014491,0.911164815,0.718749983,0.716133387,0.79040427,0.803098056,0.797962558,0.684314551,0.779871689,0.672958533,0.777567511,0.792567906H2O-057-513-720-1F_filt.fastq.gz,0.163836514,0.216844146,0.196563242,0.244966425,0.279568209,0.163962511,0.181633778,0.1183751,0.155458586,0.14034044,0.28563564,0.158704536,0.149793806,0.213106361,0.20174781,0.059825889,0,0.080562951,0.13417391,0.114414113,0.128661018,0.149378518,0.798274401,0.80998484,0.633362513,0.647554611,0.851550253,0.641788226,0.798864278,0.686804264,0.682387609,0.759154876,0.756973395,0.756376183,0.781985088,0.895681522,0.727273506,0.705394594,0.779219445,0.788204527,0.787229386,0.695862219,0.76385654,0.661929255,0.763122317,0.810948928H2O-058-515-720-1F_filt.fastq.gz,0.160357901,0.208781137,0.178324375,0.222695344,0.273598247,0.166130198,0.191528638,0.139187363,0.183686902,0.149591248,0.309567174,0.177528727,0.163349814,0.206472904,0.206349581,0.077172218,0.080562951,0,0.147826057,0.098870378,0.077754743,0.088359955,0.795402269,0.814983035,0.64408992,0.676416883,0.848317096,0.645678589,0.790607705,0.676496897,0.681593738,0.770950458,0.756950654,0.750408711,0.773148764,0.912415689,0.737494088,0.698517223,0.771882797,0.79042719,0.789909602,0.713588461,0.763966631,0.656443505,0.777742337,0.807221827H2O-059-516-720-1F_filt.fastq.gz,0.175786126,0.189038932,0.128543484,0.170202346,0.202768802,0.217156492,0.238316373,0.160209556,0.17988962,0.134218328,0.196971827,0.16002129,0.189099715,0.257334318,0.203144901,0.158269846,0.13417391,0.147826057,0,0.158675798,0.174744297,0.194775854,0.811669961,0.817295263,0.623849181,0.650721468,0.847293648,0.64459403,0.778984296,0.683731082,0.679831043,0.768253648,0.757517918,0.733201171,0.766925115,0.911408714,0.762661436,0.692616348,0.763980265,0.791347729,0.775106624,0.725950199,0.755149948,0.656881801,0.770047791,0.826877783H2O-060-517-720-1F_filt.fastq.gz,0.178337391,0.195272398,0.206886017,0.241902253,0.271293839,0.165600714,0.196534086,0.138770751,0.186090389,0.134104313,0.312593133,0.146402821,0.144039662,0.190472048,0.191269417,0.099370245,0.114414113,0.098870378,0.158675798,0,0.06931197,0.082521789,0.778923409,0.817731672,0.652863897,0.695638843,0.850175612,0.629792834,0.808668539,0.683818915,0.701962674,0.779969299,0.781204389,0.76162942,0.787275395,0.929306103,0.734846858,0.715669458,0.794962352,0.80585362,0.806882458,0.702132678,0.784348539,0.670374309,0.7824052,0.788755078H2O-061-521-720-1F_filt.fastq.gz,0.161274314,0.230371997,0.212999318,0.256690218,0.299913504,0.152239913,0.178237764,0.149706601,0.192475693,0.173740604,0.32839518,0.189407485,0.178865132,0.180347307,0.187921712,0.09643107,0.128661018,0.077754743,0.174744297,0.06931197,0,0.038436982,0.777540032,0.823700038,0.667797336,0.706534759,0.857073009,0.638945034,0.813551155,0.688673721,0.707455148,0.786325024,0.784856548,0.769731855,0.787088826,0.930390034,0.730727675,0.720683308,0.79863786,0.812943621,0.818196962,0.702466253,0.788910786,0.678316838,0.796098796,0.785153779H2O-062-520-720-1F_filt.fastq.gz,0.165502846,0.247542538,0.224087225,0.253694149,0.30653643,0.165900902,0.188086696,0.174877439,0.216436858,0.189605741,0.344023199,0.206292221,0.195164726,0.206399923,0.216425175,0.116536352,0.149378518,0.088359955,0.194775854,0.082521789,0.038436982,0,0.779746864,0.82204748,0.665129419,0.70580245,0.851893346,0.637520671,0.80657314,0.680227258,0.700308238,0.786781642,0.77828996,0.759705207,0.778589098,0.931851419,0.732813435,0.712457026,0.792327367,0.803923485,0.815910335,0.706439367,0.781981366,0.668011427,0.792470127,0.78556549NP-001-502-714-1F_filt.fastq.gz,0.780698957,0.795854888,0.80957915,0.846271178,0.858143833,0.758185342,0.752858774,0.77758162,0.77823547,0.794352939,0.842596322,0.780528016,0.774359948,0.750925386,0.762625657,0.781176844,0.798274401,0.795402269,0.811669961,0.778923409,0.777540032,0.779746864,0,0.836750377,0.693977682,0.80726637,0.917956795,0.555636402,0.822100957,0.508480243,0.543861704,0.596044068,0.734343629,0.774255536,0.945004721,0.975888404,0.358474783,0.578468581,0.773307413,0.873817101,0.754585417,0.31355081,0.728467603,0.581037773,0.82816819,0.119399003NP-002-503-714-1F_filt.fastq.gz,0.806438412,0.813033106,0.824172813,0.793651989,0.788956784,0.834553027,0.833412536,0.824703476,0.83751109,0.809573247,0.827942228,0.814119889,0.809583278,0.851730112,0.849288613,0.81530137,0.80998484,0.814983035,0.817295263,0.817731672,0.823700038,0.82204748,0.836750377,0,0.715757019,0.775379101,0.699303079,0.760220925,0.757550872,0.783851855,0.79392213,0.812036466,0.771259774,0.752582288,0.837177845,0.88585366,0.811255909,0.780168409,0.769216115,0.786753257,0.68597878,0.786095016,0.783398095,0.757723016,0.72871099,0.899090958NP-003-505-714-1F_filt.fastq.gz,0.644570685,0.602473683,0.622044096,0.655101564,0.665422234,0.662028303,0.66090464,0.625828827,0.645273578,0.622887354,0.644411917,0.626577825,0.618876836,0.701791703,0.681014123,0.644074461,0.633362513,0.64408992,0.623849181,0.652863897,0.667797336,0.665129419,0.693977682,0.715757019,0,0.282244656,0.786202201,0.32079164,0.65946373,0.538312558,0.571059496,0.680235882,0.663110884,0.615500378,0.764497886,0.898940116,0.636918528,0.580332618,0.645671012,0.708905639,0.403929545,0.463785983,0.638258873,0.41609647,0.536318967,0.798082672NP-004-506-714-1F_filt.fastq.gz,0.677522701,0.642890293,0.65334843,0.649888801,0.667669308,0.690138976,0.687138119,0.652313231,0.663986533,0.659857463,0.656228962,0.668914843,0.66258072,0.733467602,0.712351775,0.669940621,0.647554611,0.676416883,0.650721468,0.695638843,0.706534759,0.70580245,0.80726637,0.775379101,0.282244656,0,0.788309986,0.51282527,0.729148916,0.654890045,0.65652347,0.738260529,0.685634698,0.672825311,0.75994005,0.834017982,0.652388351,0.672242653,0.69993374,0.730726305,0.490254597,0.567729727,0.688081221,0.593273686,0.579227751,0.868895267NP-007-510-714-1F_filt.fastq.gz,0.843525985,0.8344509,0.852538908,0.821449398,0.814229837,0.868449036,0.866401764,0.860787726,0.871531203,0.836876815,0.861862825,0.848391257,0.843132388,0.882025448,0.880731833,0.857247421,0.851550253,0.848317096,0.847293648,0.850175612,0.857073009,0.851893346,0.917956795,0.699303079,0.786202201,0.788309986,0,0.816873934,0.840521753,0.851390642,0.868780157,0.897156476,0.845771233,0.835522713,0.847839709,0.897451484,0.851741415,0.858390197,0.847052809,0.818914736,0.764280386,0.854558188,0.857650921,0.810212226,0.763655771,0.966710762NP-008-511-714-1F_filt.fastq.gz,0.641809106,0.641116965,0.648993242,0.688546737,0.695655968,0.63005313,0.627707348,0.629455053,0.633919495,0.643280171,0.689223766,0.633211389,0.631281685,0.660730598,0.651884621,0.635778932,0.641788226,0.645678589,0.64459403,0.629792834,0.638945034,0.637520671,0.555636402,0.760220925,0.32079164,0.51282527,0.816873934,0,0.706274561,0.382903289,0.431333319,0.540890143,0.606041531,0.610066247,0.784396532,0.935247731,0.425293386,0.426351329,0.646236172,0.746163826,0.571713496,0.39212716,0.589890625,0.268991828,0.627011028,0.642386233NP-009-513-714-1F_filt.fastq.gz,0.808744932,0.758753118,0.764837593,0.749499299,0.768577602,0.8198245,0.819474736,0.784452232,0.802085353,0.788699987,0.784342498,0.805194966,0.797620559,0.862891092,0.846715444,0.810080522,0.798864278,0.790607705,0.778984296,0.808668539,0.813551155,0.80657314,0.822100957,0.757550872,0.65946373,0.729148916,0.840521753,0.706274561,0,0.450939477,0.442952624,0.734950491,0.482162165,0.129152814,0.131316488,0.865685746,0.803963859,0.351215953,0.076442743,0.587751954,0.507247484,0.772414854,0.20979572,0.486196616,0.699218903,0.904156486NP-010-515-714-1F_filt.fastq.gz,0.684287622,0.669400907,0.666505861,0.697425221,0.721916209,0.698433571,0.696286641,0.661582587,0.681404707,0.685354711,0.711358865,0.682408937,0.674916887,0.739300449,0.725170477,0.68514596,0.686804264,0.676496897,0.683731082,0.683818915,0.688673721,0.680227258,0.508480243,0.783851855,0.538312558,0.654890045,0.851390642,0.382903289,0.450939477,0,0.106024704,0.45708184,0.457688983,0.393037767,0.54897091,0.923611945,0.358863427,0.113676986,0.398758321,0.652573923,0.618941809,0.441259675,0.346822589,0.155054599,0.725477885,0.60744415NP-011-516-715-1F_filt.fastq.gz,0.697818622,0.650403079,0.66261933,0.698773236,0.72431699,0.709360314,0.706043924,0.670276245,0.69026465,0.682928539,0.7199748,0.695031158,0.684723787,0.756258551,0.741073802,0.695892881,0.682387609,0.681593738,0.679831043,0.701962674,0.707455148,0.700308238,0.543861704,0.79392213,0.571059496,0.65652347,0.868780157,0.431333319,0.442952624,0.106024704,0,0.357689434,0.349371549,0.413615626,0.569106724,0.895511005,0.400761383,0.14586489,0.399782438,0.561700071,0.58690506,0.421236729,0.268503529,0.212491024,0.644737506,0.643037769NP-014-520-715-1F_filt.fastq.gz,0.774078936,0.735313258,0.766602969,0.786252751,0.799723782,0.782137799,0.779494477,0.758476107,0.773299115,0.759179231,0.779804514,0.764632676,0.755876794,0.803239632,0.794876606,0.771321516,0.759154876,0.770950458,0.768253648,0.779969299,0.786325024,0.786781642,0.596044068,0.812036466,0.680235882,0.738260529,0.897156476,0.540890143,0.734950491,0.45708184,0.357689434,0,0.286308353,0.708050752,0.858316675,0.834983011,0.485057951,0.462577835,0.695014395,0.340985813,0.667386895,0.495298329,0.525743822,0.4934704,0.342476542,0.683474473NP-015-521-715-1F_filt.fastq.gz,0.775696675,0.724773658,0.749841594,0.738742194,0.757198521,0.78549518,0.78274226,0.745840513,0.765137728,0.757212546,0.78229845,0.773137363,0.761904472,0.834238095,0.817301386,0.772977228,0.756973395,0.756950654,0.757517918,0.781204389,0.784856548,0.77828996,0.734343629,0.771259774,0.663110884,0.685634698,0.845771233,0.606041531,0.482162165,0.457688983,0.349371549,0.286308353,0,0.454570677,0.610235629,0.80470823,0.664775808,0.463289356,0.429781854,0.230732394,0.563474855,0.603036547,0.294648593,0.438941485,0.303463726,0.834586726NP-017-502-715-1F_filt.fastq.gz,0.763075141,0.72640759,0.727326333,0.707592707,0.720713716,0.775483744,0.774646081,0.744140974,0.759981373,0.745408218,0.738784682,0.762074387,0.75760592,0.822710141,0.807588552,0.76793908,0.756376183,0.750408711,0.733201171,0.76162942,0.769731855,0.759705207,0.774255536,0.752582288,0.615500378,0.672825311,0.835522713,0.610066247,0.129152814,0.393037767,0.413615626,0.708050752,0.454570677,0,0.222877067,0.882663552,0.745991941,0.290535443,0.080469965,0.621467611,0.530859998,0.711273816,0.183165144,0.411745494,0.688590802,0.860654662NP-018-503-715-1F_filt.fastq.gz,0.800037258,0.755793724,0.740912335,0.738780254,0.750681444,0.813293771,0.811277365,0.772981131,0.784895871,0.784024694,0.763340163,0.792282459,0.792410761,0.844800434,0.831646424,0.793014491,0.781985088,0.773148764,0.766925115,0.787275395,0.787088826,0.778589098,0.945004721,0.837177845,0.764497886,0.75994005,0.847839709,0.784396532,0.131316488,0.54897091,0.569106724,0.858316675,0.610235629,0.222877067,0,0.864019342,0.892396561,0.439812858,0.180817986,0.65305269,0.661084438,0.904980354,0.331158452,0.568673369,0.783927758,0.954466836NP-019-505-715-1F_filt.fastq.gz,0.918091299,0.901991873,0.907709374,0.903259058,0.903324859,0.923235799,0.920126626,0.905093762,0.910029036,0.911796926,0.907497478,0.916870754,0.913297536,0.943395457,0.934240731,0.911164815,0.895681522,0.912415689,0.911408714,0.929306103,0.930390034,0.931851419,0.975888404,0.88585366,0.898940116,0.834017982,0.897451484,0.935247731,0.865685746,0.923611945,0.895511005,0.834983011,0.80470823,0.882663552,0.864019342,0,0.899404007,0.915712492,0.86338927,0.774767664,0.840782187,0.924132922,0.863548422,0.918301598,0.787826614,0.991783463NP-022-508-715-1F_filt.fastq.gz,0.726510667,0.7527845,0.757489943,0.801895198,0.812032627,0.70253029,0.693148572,0.720854544,0.716292665,0.750484526,0.795520432,0.73424233,0.728618031,0.711506563,0.718339371,0.718749983,0.727273506,0.737494088,0.762661436,0.734846858,0.730727675,0.732813435,0.358474783,0.811255909,0.636918528,0.652388351,0.851741415,0.425293386,0.803963859,0.358863427,0.400761383,0.485057951,0.664775808,0.745991941,0.892396561,0.899404007,0,0.447595293,0.732226085,0.830765171,0.698744187,0.32759766,0.672450391,0.448860994,0.754392548,0.446587901NP-025-513-716-1F_filt.fastq.gz,0.716541752,0.685040513,0.677025354,0.702103437,0.726727444,0.728601142,0.727878118,0.698509232,0.712688297,0.703120599,0.711454771,0.717541097,0.711689999,0.769047425,0.75512848,0.716133387,0.705394594,0.698517223,0.692616348,0.715669458,0.720683308,0.712457026,0.578468581,0.780168409,0.580332618,0.672242653,0.858390197,0.426351329,0.351215953,0.113676986,0.14586489,0.462577835,0.463289356,0.290535443,0.439812858,0.915712492,0.447595293,0,0.29866637,0.670008802,0.614836964,0.530078725,0.249567692,0.188556887,0.753779227,0.662835653NP-026-515-716-1F_filt.fastq.gz,0.790693427,0.748177188,0.748727325,0.736195557,0.755910157,0.800590867,0.799970725,0.765376575,0.782527923,0.77205163,0.768215573,0.78755875,0.779118094,0.846922004,0.830051881,0.79040427,0.779219445,0.771882797,0.763980265,0.794962352,0.79863786,0.792327367,0.773307413,0.769216115,0.645671012,0.69993374,0.847052809,0.646236172,0.076442743,0.398758321,0.399782438,0.695014395,0.429781854,0.080469965,0.180817986,0.86338927,0.732226085,0.29866637,0,0.610858159,0.509732455,0.719660719,0.166881827,0.431655638,0.703518725,0.865086892NP-027-516-716-1F_filt.fastq.gz,0.805520845,0.744032274,0.781211207,0.769313336,0.778119292,0.816484152,0.812259338,0.781245151,0.801778976,0.783914188,0.818194367,0.797610808,0.784694353,0.864021739,0.847501544,0.803098056,0.788204527,0.79042719,0.791347729,0.80585362,0.812943621,0.803923485,0.873817101,0.786753257,0.708905639,0.730726305,0.818914736,0.746163826,0.587751954,0.652573923,0.561700071,0.340985813,0.230732394,0.621467611,0.65305269,0.774767664,0.830765171,0.670008802,0.610858159,0,0.64514246,0.751609472,0.508688163,0.616847986,0.223297008,0.937651225NP-028-517-716-1F_filt.fastq.gz,0.807207363,0.737302727,0.765583879,0.749069764,0.756840295,0.81596202,0.81532564,0.777432682,0.794554593,0.774675313,0.764274287,0.788500833,0.779203621,0.853643173,0.832396587,0.797962558,0.787229386,0.789909602,0.775106624,0.806882458,0.818196962,0.815910335,0.754585417,0.68597878,0.403929545,0.490254597,0.764280386,0.571713496,0.507247484,0.618941809,0.58690506,0.667386895,0.563474855,0.530859998,0.661084438,0.840782187,0.698744187,0.614836964,0.509732455,0.64514246,0,0.632653633,0.507837376,0.570059976,0.519079034,0.88692764NP-029-518-716-1F_filt.fastq.gz,0.684135078,0.703118555,0.733467359,0.779413822,0.792768321,0.66399946,0.655760971,0.680074801,0.68473823,0.708708347,0.76942869,0.692719711,0.681078991,0.682944289,0.688397122,0.684314551,0.695862219,0.713588461,0.725950199,0.702132678,0.702466253,0.706439367,0.31355081,0.786095016,0.463785983,0.567729727,0.854558188,0.39212716,0.772414854,0.441259675,0.421236729,0.495298329,0.603036547,0.711273816,0.904980354,0.924132922,0.32759766,0.530078725,0.719660719,0.751609472,0.632653633,0,0.616716065,0.489466465,0.643283074,0.43634214NP-034-503-718-1F_filt.fastq.gz,0.782483232,0.724369959,0.741221355,0.726066406,0.745168162,0.791891944,0.789238023,0.752776177,0.771556202,0.762797422,0.758533311,0.77846229,0.76843915,0.835905441,0.820263145,0.779871689,0.76385654,0.763966631,0.755149948,0.784348539,0.788910786,0.781981366,0.728467603,0.783398095,0.638258873,0.688081221,0.857650921,0.589890625,0.20979572,0.346822589,0.268503529,0.525743822,0.294648593,0.183165144,0.331158452,0.863548422,0.672450391,0.249567692,0.166881827,0.508688163,0.507837376,0.616716065,0,0.37745742,0.595761433,0.824323064NP-035-505-718-1F_filt.fastq.gz,0.6747128,0.635178809,0.6403074,0.668978026,0.686451196,0.689477898,0.687054235,0.654156088,0.671805823,0.663164352,0.684736382,0.671249222,0.6625933,0.735094786,0.720251768,0.672958533,0.661929255,0.656443505,0.656881801,0.670374309,0.678316838,0.668011427,0.581037773,0.757723016,0.41609647,0.593273686,0.810212226,0.268991828,0.486196616,0.155054599,0.212491024,0.4934704,0.438941485,0.411745494,0.568673369,0.918301598,0.448860994,0.188556887,0.431655638,0.616847986,0.570059976,0.489466465,0.37745742,0,0.651088092,0.672940972NP-036-506-718-1F_filt.fastq.gz,0.779913065,0.71640094,0.769876051,0.762655543,0.756848097,0.790286271,0.787673152,0.757652766,0.777149403,0.758349753,0.787283505,0.7632941,0.753714798,0.835423072,0.81580116,0.777567511,0.763122317,0.777742337,0.770047791,0.7824052,0.796098796,0.792470127,0.82816819,0.72871099,0.536318967,0.579227751,0.763655771,0.627011028,0.699218903,0.725477885,0.644737506,0.342476542,0.303463726,0.688590802,0.783927758,0.787826614,0.754392548,0.753779227,0.703518725,0.223297008,0.519079034,0.643283074,0.595761433,0.651088092,0,0.917384263NP-037-507-718-1F_filt.fastq.gz,0.795201234,0.830268458,0.825774274,0.866862256,0.876190143,0.771731965,0.769060437,0.801343615,0.795272381,0.821421438,0.856044737,0.800714572,0.800498893,0.759962473,0.774650048,0.792567906,0.810948928,0.807221827,0.826877783,0.788755078,0.785153779,0.78556549,0.119399003,0.899090958,0.798082672,0.868895267,0.966710762,0.642386233,0.904156486,0.60744415,0.643037769,0.683474473,0.834586726,0.860654662,0.954466836,0.991783463,0.446587901,0.662835653,0.865086892,0.937651225,0.88692764,0.43634214,0.824323064,0.672940972,0.917384263,0